(kicad_pcb (version 20171130) (host pcbnew "(5.1.6)-1")

  (general
    (thickness 1.6)
    (drawings 35)
    (tracks 162)
    (zones 0)
    (modules 16)
    (nets 30)
  )

  (page A4)
  (layers
    (0 F.Cu signal hide)
    (31 B.Cu signal hide)
    (32 B.Adhes user)
    (33 F.Adhes user)
    (34 B.Paste user)
    (35 F.Paste user)
    (36 B.SilkS user)
    (37 F.SilkS user)
    (38 B.Mask user)
    (39 F.Mask user)
    (40 Dwgs.User user)
    (41 Cmts.User user)
    (42 Eco1.User user)
    (43 Eco2.User user)
    (44 Edge.Cuts user)
    (45 Margin user)
    (46 B.CrtYd user)
    (47 F.CrtYd user)
    (48 B.Fab user)
    (49 F.Fab user)
  )

  (setup
    (last_trace_width 0.635)
    (user_trace_width 0.254)
    (user_trace_width 0.381)
    (user_trace_width 0.508)
    (user_trace_width 0.635)
    (user_trace_width 1.27)
    (user_trace_width 2.54)
    (trace_clearance 0.2)
    (zone_clearance 0.508)
    (zone_45_only no)
    (trace_min 0.2)
    (via_size 0.8)
    (via_drill 0.4)
    (via_min_size 0.4)
    (via_min_drill 0.3)
    (user_via 0.6 0.3)
    (user_via 0.8 0.4)
    (uvia_size 0.3)
    (uvia_drill 0.1)
    (uvias_allowed no)
    (uvia_min_size 0.2)
    (uvia_min_drill 0.1)
    (edge_width 0.05)
    (segment_width 0.2)
    (pcb_text_width 0.3)
    (pcb_text_size 1.5 1.5)
    (mod_edge_width 0.12)
    (mod_text_size 1 1)
    (mod_text_width 0.15)
    (pad_size 1.524 1.524)
    (pad_drill 0.762)
    (pad_to_mask_clearance 0.05)
    (aux_axis_origin 0 0)
    (visible_elements FFFFFF7F)
    (pcbplotparams
      (layerselection 0x010fc_ffffffff)
      (usegerberextensions false)
      (usegerberattributes true)
      (usegerberadvancedattributes true)
      (creategerberjobfile true)
      (excludeedgelayer true)
      (linewidth 0.100000)
      (plotframeref false)
      (viasonmask false)
      (mode 1)
      (useauxorigin false)
      (hpglpennumber 1)
      (hpglpenspeed 20)
      (hpglpendiameter 15.000000)
      (psnegative false)
      (psa4output false)
      (plotreference true)
      (plotvalue true)
      (plotinvisibletext false)
      (padsonsilk false)
      (subtractmaskfromsilk false)
      (outputformat 1)
      (mirror false)
      (drillshape 1)
      (scaleselection 1)
      (outputdirectory ""))
  )

  (net 0 "")
  (net 1 +5V)
  (net 2 GND)
  (net 3 ~rst)
  (net 4 gpa0)
  (net 5 gpa1)
  (net 6 gpa2)
  (net 7 gpa3)
  (net 8 gpa4)
  (net 9 gpa5)
  (net 10 gpa6)
  (net 11 gpa7)
  (net 12 gpb7)
  (net 13 gpb6)
  (net 14 gpb5)
  (net 15 gpb4)
  (net 16 gpb3)
  (net 17 gpb2)
  (net 18 gpb1)
  (net 19 gpb0)
  (net 20 inta)
  (net 21 intb)
  (net 22 ~cs)
  (net 23 sck)
  (net 24 mosi)
  (net 25 miso)
  (net 26 a2)
  (net 27 a1)
  (net 28 a0)
  (net 29 "Net-(D1-Pad1)")

  (net_class Default "This is the default net class."
    (clearance 0.2)
    (trace_width 0.25)
    (via_dia 0.8)
    (via_drill 0.4)
    (uvia_dia 0.3)
    (uvia_drill 0.1)
    (add_net +5V)
    (add_net GND)
    (add_net "Net-(D1-Pad1)")
    (add_net a0)
    (add_net a1)
    (add_net a2)
    (add_net gpa0)
    (add_net gpa1)
    (add_net gpa2)
    (add_net gpa3)
    (add_net gpa4)
    (add_net gpa5)
    (add_net gpa6)
    (add_net gpa7)
    (add_net gpb0)
    (add_net gpb1)
    (add_net gpb2)
    (add_net gpb3)
    (add_net gpb4)
    (add_net gpb5)
    (add_net gpb6)
    (add_net gpb7)
    (add_net inta)
    (add_net intb)
    (add_net miso)
    (add_net mosi)
    (add_net sck)
    (add_net ~cs)
    (add_net ~rst)
  )

  (module Capacitor_SMD:C_0805_2012Metric_Pad1.15x1.40mm_HandSolder (layer F.Cu) (tedit 5B36C52B) (tstamp 604C46DC)
    (at 119.38 66.285 90)
    (descr "Capacitor SMD 0805 (2012 Metric), square (rectangular) end terminal, IPC_7351 nominal with elongated pad for handsoldering. (Body size source: https://docs.google.com/spreadsheets/d/1BsfQQcO9C6DZCsRaXUlFlo91Tg2WpOkGARC1WS5S8t0/edit?usp=sharing), generated with kicad-footprint-generator")
    (tags "capacitor handsolder")
    (path /604E3A08)
    (attr smd)
    (fp_text reference C1 (at 2.785 0 90) (layer F.SilkS)
      (effects (font (size 1 1) (thickness 0.15)))
    )
    (fp_text value 100n (at 0 1.65 90) (layer F.Fab)
      (effects (font (size 1 1) (thickness 0.15)))
    )
    (fp_text user %R (at 0 0 90) (layer F.Fab)
      (effects (font (size 0.5 0.5) (thickness 0.08)))
    )
    (fp_line (start -1 0.6) (end -1 -0.6) (layer F.Fab) (width 0.1))
    (fp_line (start -1 -0.6) (end 1 -0.6) (layer F.Fab) (width 0.1))
    (fp_line (start 1 -0.6) (end 1 0.6) (layer F.Fab) (width 0.1))
    (fp_line (start 1 0.6) (end -1 0.6) (layer F.Fab) (width 0.1))
    (fp_line (start -0.261252 -0.71) (end 0.261252 -0.71) (layer F.SilkS) (width 0.12))
    (fp_line (start -0.261252 0.71) (end 0.261252 0.71) (layer F.SilkS) (width 0.12))
    (fp_line (start -1.85 0.95) (end -1.85 -0.95) (layer F.CrtYd) (width 0.05))
    (fp_line (start -1.85 -0.95) (end 1.85 -0.95) (layer F.CrtYd) (width 0.05))
    (fp_line (start 1.85 -0.95) (end 1.85 0.95) (layer F.CrtYd) (width 0.05))
    (fp_line (start 1.85 0.95) (end -1.85 0.95) (layer F.CrtYd) (width 0.05))
    (pad 2 smd roundrect (at 1.025 0 90) (size 1.15 1.4) (layers F.Cu F.Paste F.Mask) (roundrect_rratio 0.217391)
      (net 1 +5V))
    (pad 1 smd roundrect (at -1.025 0 90) (size 1.15 1.4) (layers F.Cu F.Paste F.Mask) (roundrect_rratio 0.217391)
      (net 2 GND))
    (model ${KISYS3DMOD}/Capacitor_SMD.3dshapes/C_0805_2012Metric.wrl
      (at (xyz 0 0 0))
      (scale (xyz 1 1 1))
      (rotate (xyz 0 0 0))
    )
  )

  (module Capacitor_SMD:C_0805_2012Metric_Pad1.15x1.40mm_HandSolder (layer F.Cu) (tedit 5B36C52B) (tstamp 604C46ED)
    (at 114.046 79.13 90)
    (descr "Capacitor SMD 0805 (2012 Metric), square (rectangular) end terminal, IPC_7351 nominal with elongated pad for handsoldering. (Body size source: https://docs.google.com/spreadsheets/d/1BsfQQcO9C6DZCsRaXUlFlo91Tg2WpOkGARC1WS5S8t0/edit?usp=sharing), generated with kicad-footprint-generator")
    (tags "capacitor handsolder")
    (path /604DBBED)
    (attr smd)
    (fp_text reference C2 (at 2.785 0 90) (layer F.SilkS)
      (effects (font (size 1 1) (thickness 0.15)))
    )
    (fp_text value 100n (at 0 1.65 90) (layer F.Fab)
      (effects (font (size 1 1) (thickness 0.15)))
    )
    (fp_line (start 1.85 0.95) (end -1.85 0.95) (layer F.CrtYd) (width 0.05))
    (fp_line (start 1.85 -0.95) (end 1.85 0.95) (layer F.CrtYd) (width 0.05))
    (fp_line (start -1.85 -0.95) (end 1.85 -0.95) (layer F.CrtYd) (width 0.05))
    (fp_line (start -1.85 0.95) (end -1.85 -0.95) (layer F.CrtYd) (width 0.05))
    (fp_line (start -0.261252 0.71) (end 0.261252 0.71) (layer F.SilkS) (width 0.12))
    (fp_line (start -0.261252 -0.71) (end 0.261252 -0.71) (layer F.SilkS) (width 0.12))
    (fp_line (start 1 0.6) (end -1 0.6) (layer F.Fab) (width 0.1))
    (fp_line (start 1 -0.6) (end 1 0.6) (layer F.Fab) (width 0.1))
    (fp_line (start -1 -0.6) (end 1 -0.6) (layer F.Fab) (width 0.1))
    (fp_line (start -1 0.6) (end -1 -0.6) (layer F.Fab) (width 0.1))
    (fp_text user %R (at 0 0 90) (layer F.Fab)
      (effects (font (size 0.5 0.5) (thickness 0.08)))
    )
    (pad 1 smd roundrect (at -1.025 0 90) (size 1.15 1.4) (layers F.Cu F.Paste F.Mask) (roundrect_rratio 0.217391)
      (net 3 ~rst))
    (pad 2 smd roundrect (at 1.025 0 90) (size 1.15 1.4) (layers F.Cu F.Paste F.Mask) (roundrect_rratio 0.217391)
      (net 2 GND))
    (model ${KISYS3DMOD}/Capacitor_SMD.3dshapes/C_0805_2012Metric.wrl
      (at (xyz 0 0 0))
      (scale (xyz 1 1 1))
      (rotate (xyz 0 0 0))
    )
  )

  (module LED_SMD:LED_0805_2012Metric_Castellated (layer F.Cu) (tedit 5B36C52C) (tstamp 604CAA03)
    (at 120.0885 51.308 180)
    (descr "LED SMD 0805 (2012 Metric), castellated end terminal, IPC_7351 nominal, (Body size source: https://docs.google.com/spreadsheets/d/1BsfQQcO9C6DZCsRaXUlFlo91Tg2WpOkGARC1WS5S8t0/edit?usp=sharing), generated with kicad-footprint-generator")
    (tags "LED castellated")
    (path /6052690A)
    (attr smd)
    (fp_text reference D1 (at -0.0535 1.524) (layer F.SilkS)
      (effects (font (size 1 1) (thickness 0.15)))
    )
    (fp_text value pwr (at 0 1.6) (layer F.Fab)
      (effects (font (size 1 1) (thickness 0.15)))
    )
    (fp_line (start 1.88 0.9) (end -1.88 0.9) (layer F.CrtYd) (width 0.05))
    (fp_line (start 1.88 -0.9) (end 1.88 0.9) (layer F.CrtYd) (width 0.05))
    (fp_line (start -1.88 -0.9) (end 1.88 -0.9) (layer F.CrtYd) (width 0.05))
    (fp_line (start -1.88 0.9) (end -1.88 -0.9) (layer F.CrtYd) (width 0.05))
    (fp_line (start -1.885 0.91) (end 1 0.91) (layer F.SilkS) (width 0.12))
    (fp_line (start -1.885 -0.91) (end -1.885 0.91) (layer F.SilkS) (width 0.12))
    (fp_line (start 1 -0.91) (end -1.885 -0.91) (layer F.SilkS) (width 0.12))
    (fp_line (start 1 0.6) (end 1 -0.6) (layer F.Fab) (width 0.1))
    (fp_line (start -1 0.6) (end 1 0.6) (layer F.Fab) (width 0.1))
    (fp_line (start -1 -0.3) (end -1 0.6) (layer F.Fab) (width 0.1))
    (fp_line (start -0.7 -0.6) (end -1 -0.3) (layer F.Fab) (width 0.1))
    (fp_line (start 1 -0.6) (end -0.7 -0.6) (layer F.Fab) (width 0.1))
    (fp_text user %R (at 0 0) (layer F.Fab)
      (effects (font (size 0.5 0.5) (thickness 0.08)))
    )
    (pad 1 smd roundrect (at -0.9625 0 180) (size 1.325 1.3) (layers F.Cu F.Paste F.Mask) (roundrect_rratio 0.192308)
      (net 29 "Net-(D1-Pad1)"))
    (pad 2 smd roundrect (at 0.9625 0 180) (size 1.325 1.3) (layers F.Cu F.Paste F.Mask) (roundrect_rratio 0.192308)
      (net 1 +5V))
    (model ${KISYS3DMOD}/LED_SMD.3dshapes/LED_0805_2012Metric_Castellated.wrl
      (at (xyz 0 0 0))
      (scale (xyz 1 1 1))
      (rotate (xyz 0 0 0))
    )
  )

  (module Connector_PinHeader_2.54mm:PinHeader_1x08_P2.54mm_Vertical (layer F.Cu) (tedit 59FED5CC) (tstamp 604C471C)
    (at 139.7 72.39 180)
    (descr "Through hole straight pin header, 1x08, 2.54mm pitch, single row")
    (tags "Through hole pin header THT 1x08 2.54mm single row")
    (path /604E7F60)
    (fp_text reference J1 (at 0 -2.33) (layer F.SilkS) hide
      (effects (font (size 1 1) (thickness 0.15)))
    )
    (fp_text value GPA (at 0 20.11) (layer F.Fab)
      (effects (font (size 1 1) (thickness 0.15)))
    )
    (fp_line (start 1.8 -1.8) (end -1.8 -1.8) (layer F.CrtYd) (width 0.05))
    (fp_line (start 1.8 19.55) (end 1.8 -1.8) (layer F.CrtYd) (width 0.05))
    (fp_line (start -1.8 19.55) (end 1.8 19.55) (layer F.CrtYd) (width 0.05))
    (fp_line (start -1.8 -1.8) (end -1.8 19.55) (layer F.CrtYd) (width 0.05))
    (fp_line (start -1.33 -1.33) (end 0 -1.33) (layer F.SilkS) (width 0.12))
    (fp_line (start -1.33 0) (end -1.33 -1.33) (layer F.SilkS) (width 0.12))
    (fp_line (start -1.33 1.27) (end 1.33 1.27) (layer F.SilkS) (width 0.12))
    (fp_line (start 1.33 1.27) (end 1.33 19.11) (layer F.SilkS) (width 0.12))
    (fp_line (start -1.33 1.27) (end -1.33 19.11) (layer F.SilkS) (width 0.12))
    (fp_line (start -1.33 19.11) (end 1.33 19.11) (layer F.SilkS) (width 0.12))
    (fp_line (start -1.27 -0.635) (end -0.635 -1.27) (layer F.Fab) (width 0.1))
    (fp_line (start -1.27 19.05) (end -1.27 -0.635) (layer F.Fab) (width 0.1))
    (fp_line (start 1.27 19.05) (end -1.27 19.05) (layer F.Fab) (width 0.1))
    (fp_line (start 1.27 -1.27) (end 1.27 19.05) (layer F.Fab) (width 0.1))
    (fp_line (start -0.635 -1.27) (end 1.27 -1.27) (layer F.Fab) (width 0.1))
    (fp_text user %R (at 0 8.89 90) (layer F.Fab)
      (effects (font (size 1 1) (thickness 0.15)))
    )
    (pad 1 thru_hole rect (at 0 0 180) (size 1.7 1.7) (drill 1) (layers *.Cu *.Mask)
      (net 4 gpa0))
    (pad 2 thru_hole oval (at 0 2.54 180) (size 1.7 1.7) (drill 1) (layers *.Cu *.Mask)
      (net 5 gpa1))
    (pad 3 thru_hole oval (at 0 5.08 180) (size 1.7 1.7) (drill 1) (layers *.Cu *.Mask)
      (net 6 gpa2))
    (pad 4 thru_hole oval (at 0 7.62 180) (size 1.7 1.7) (drill 1) (layers *.Cu *.Mask)
      (net 7 gpa3))
    (pad 5 thru_hole oval (at 0 10.16 180) (size 1.7 1.7) (drill 1) (layers *.Cu *.Mask)
      (net 8 gpa4))
    (pad 6 thru_hole oval (at 0 12.7 180) (size 1.7 1.7) (drill 1) (layers *.Cu *.Mask)
      (net 9 gpa5))
    (pad 7 thru_hole oval (at 0 15.24 180) (size 1.7 1.7) (drill 1) (layers *.Cu *.Mask)
      (net 10 gpa6))
    (pad 8 thru_hole oval (at 0 17.78 180) (size 1.7 1.7) (drill 1) (layers *.Cu *.Mask)
      (net 11 gpa7))
    (model ${KISYS3DMOD}/Connector_PinHeader_2.54mm.3dshapes/PinHeader_1x08_P2.54mm_Vertical.wrl
      (at (xyz 0 0 0))
      (scale (xyz 1 1 1))
      (rotate (xyz 0 0 0))
    )
  )

  (module Connector_PinHeader_2.54mm:PinHeader_1x08_P2.54mm_Vertical (layer F.Cu) (tedit 59FED5CC) (tstamp 604C4738)
    (at 114.3 54.61)
    (descr "Through hole straight pin header, 1x08, 2.54mm pitch, single row")
    (tags "Through hole pin header THT 1x08 2.54mm single row")
    (path /604EAA2D)
    (fp_text reference J2 (at 0 -2.33) (layer F.SilkS) hide
      (effects (font (size 1 1) (thickness 0.15)))
    )
    (fp_text value GPB (at 0 20.11) (layer F.Fab)
      (effects (font (size 1 1) (thickness 0.15)))
    )
    (fp_text user %R (at 0 8.89 90) (layer F.Fab)
      (effects (font (size 1 1) (thickness 0.15)))
    )
    (fp_line (start -0.635 -1.27) (end 1.27 -1.27) (layer F.Fab) (width 0.1))
    (fp_line (start 1.27 -1.27) (end 1.27 19.05) (layer F.Fab) (width 0.1))
    (fp_line (start 1.27 19.05) (end -1.27 19.05) (layer F.Fab) (width 0.1))
    (fp_line (start -1.27 19.05) (end -1.27 -0.635) (layer F.Fab) (width 0.1))
    (fp_line (start -1.27 -0.635) (end -0.635 -1.27) (layer F.Fab) (width 0.1))
    (fp_line (start -1.33 19.11) (end 1.33 19.11) (layer F.SilkS) (width 0.12))
    (fp_line (start -1.33 1.27) (end -1.33 19.11) (layer F.SilkS) (width 0.12))
    (fp_line (start 1.33 1.27) (end 1.33 19.11) (layer F.SilkS) (width 0.12))
    (fp_line (start -1.33 1.27) (end 1.33 1.27) (layer F.SilkS) (width 0.12))
    (fp_line (start -1.33 0) (end -1.33 -1.33) (layer F.SilkS) (width 0.12))
    (fp_line (start -1.33 -1.33) (end 0 -1.33) (layer F.SilkS) (width 0.12))
    (fp_line (start -1.8 -1.8) (end -1.8 19.55) (layer F.CrtYd) (width 0.05))
    (fp_line (start -1.8 19.55) (end 1.8 19.55) (layer F.CrtYd) (width 0.05))
    (fp_line (start 1.8 19.55) (end 1.8 -1.8) (layer F.CrtYd) (width 0.05))
    (fp_line (start 1.8 -1.8) (end -1.8 -1.8) (layer F.CrtYd) (width 0.05))
    (pad 8 thru_hole oval (at 0 17.78) (size 1.7 1.7) (drill 1) (layers *.Cu *.Mask)
      (net 12 gpb7))
    (pad 7 thru_hole oval (at 0 15.24) (size 1.7 1.7) (drill 1) (layers *.Cu *.Mask)
      (net 13 gpb6))
    (pad 6 thru_hole oval (at 0 12.7) (size 1.7 1.7) (drill 1) (layers *.Cu *.Mask)
      (net 14 gpb5))
    (pad 5 thru_hole oval (at 0 10.16) (size 1.7 1.7) (drill 1) (layers *.Cu *.Mask)
      (net 15 gpb4))
    (pad 4 thru_hole oval (at 0 7.62) (size 1.7 1.7) (drill 1) (layers *.Cu *.Mask)
      (net 16 gpb3))
    (pad 3 thru_hole oval (at 0 5.08) (size 1.7 1.7) (drill 1) (layers *.Cu *.Mask)
      (net 17 gpb2))
    (pad 2 thru_hole oval (at 0 2.54) (size 1.7 1.7) (drill 1) (layers *.Cu *.Mask)
      (net 18 gpb1))
    (pad 1 thru_hole rect (at 0 0) (size 1.7 1.7) (drill 1) (layers *.Cu *.Mask)
      (net 19 gpb0))
    (model ${KISYS3DMOD}/Connector_PinHeader_2.54mm.3dshapes/PinHeader_1x08_P2.54mm_Vertical.wrl
      (at (xyz 0 0 0))
      (scale (xyz 1 1 1))
      (rotate (xyz 0 0 0))
    )
  )

  (module Connector_PinHeader_2.54mm:PinHeader_1x02_P2.54mm_Vertical (layer F.Cu) (tedit 59FED5CC) (tstamp 604C507F)
    (at 137.16 48.26 90)
    (descr "Through hole straight pin header, 1x02, 2.54mm pitch, single row")
    (tags "Through hole pin header THT 1x02 2.54mm single row")
    (path /604EFDB9)
    (fp_text reference J3 (at 0 -2.33 90) (layer F.SilkS) hide
      (effects (font (size 1 1) (thickness 0.15)))
    )
    (fp_text value INT (at 0 4.87 90) (layer F.Fab)
      (effects (font (size 1 1) (thickness 0.15)))
    )
    (fp_line (start 1.8 -1.8) (end -1.8 -1.8) (layer F.CrtYd) (width 0.05))
    (fp_line (start 1.8 4.35) (end 1.8 -1.8) (layer F.CrtYd) (width 0.05))
    (fp_line (start -1.8 4.35) (end 1.8 4.35) (layer F.CrtYd) (width 0.05))
    (fp_line (start -1.8 -1.8) (end -1.8 4.35) (layer F.CrtYd) (width 0.05))
    (fp_line (start -1.33 -1.33) (end 0 -1.33) (layer F.SilkS) (width 0.12))
    (fp_line (start -1.33 0) (end -1.33 -1.33) (layer F.SilkS) (width 0.12))
    (fp_line (start -1.33 1.27) (end 1.33 1.27) (layer F.SilkS) (width 0.12))
    (fp_line (start 1.33 1.27) (end 1.33 3.87) (layer F.SilkS) (width 0.12))
    (fp_line (start -1.33 1.27) (end -1.33 3.87) (layer F.SilkS) (width 0.12))
    (fp_line (start -1.33 3.87) (end 1.33 3.87) (layer F.SilkS) (width 0.12))
    (fp_line (start -1.27 -0.635) (end -0.635 -1.27) (layer F.Fab) (width 0.1))
    (fp_line (start -1.27 3.81) (end -1.27 -0.635) (layer F.Fab) (width 0.1))
    (fp_line (start 1.27 3.81) (end -1.27 3.81) (layer F.Fab) (width 0.1))
    (fp_line (start 1.27 -1.27) (end 1.27 3.81) (layer F.Fab) (width 0.1))
    (fp_line (start -0.635 -1.27) (end 1.27 -1.27) (layer F.Fab) (width 0.1))
    (fp_text user %R (at 0 1.27) (layer F.Fab)
      (effects (font (size 1 1) (thickness 0.15)))
    )
    (pad 1 thru_hole rect (at 0 0 90) (size 1.7 1.7) (drill 1) (layers *.Cu *.Mask)
      (net 21 intb))
    (pad 2 thru_hole oval (at 0 2.54 90) (size 1.7 1.7) (drill 1) (layers *.Cu *.Mask)
      (net 20 inta))
    (model ${KISYS3DMOD}/Connector_PinHeader_2.54mm.3dshapes/PinHeader_1x02_P2.54mm_Vertical.wrl
      (at (xyz 0 0 0))
      (scale (xyz 1 1 1))
      (rotate (xyz 0 0 0))
    )
  )

  (module Connector_PinHeader_2.54mm:PinHeader_1x04_P2.54mm_Vertical (layer F.Cu) (tedit 59FED5CC) (tstamp 604C4766)
    (at 123.19 48.26 90)
    (descr "Through hole straight pin header, 1x04, 2.54mm pitch, single row")
    (tags "Through hole pin header THT 1x04 2.54mm single row")
    (path /604F0D4D)
    (fp_text reference J4 (at 0 -2.33 90) (layer F.SilkS) hide
      (effects (font (size 1 1) (thickness 0.15)))
    )
    (fp_text value SPI (at 0 9.95 90) (layer F.Fab)
      (effects (font (size 1 1) (thickness 0.15)))
    )
    (fp_line (start 1.8 -1.8) (end -1.8 -1.8) (layer F.CrtYd) (width 0.05))
    (fp_line (start 1.8 9.4) (end 1.8 -1.8) (layer F.CrtYd) (width 0.05))
    (fp_line (start -1.8 9.4) (end 1.8 9.4) (layer F.CrtYd) (width 0.05))
    (fp_line (start -1.8 -1.8) (end -1.8 9.4) (layer F.CrtYd) (width 0.05))
    (fp_line (start -1.33 -1.33) (end 0 -1.33) (layer F.SilkS) (width 0.12))
    (fp_line (start -1.33 0) (end -1.33 -1.33) (layer F.SilkS) (width 0.12))
    (fp_line (start -1.33 1.27) (end 1.33 1.27) (layer F.SilkS) (width 0.12))
    (fp_line (start 1.33 1.27) (end 1.33 8.95) (layer F.SilkS) (width 0.12))
    (fp_line (start -1.33 1.27) (end -1.33 8.95) (layer F.SilkS) (width 0.12))
    (fp_line (start -1.33 8.95) (end 1.33 8.95) (layer F.SilkS) (width 0.12))
    (fp_line (start -1.27 -0.635) (end -0.635 -1.27) (layer F.Fab) (width 0.1))
    (fp_line (start -1.27 8.89) (end -1.27 -0.635) (layer F.Fab) (width 0.1))
    (fp_line (start 1.27 8.89) (end -1.27 8.89) (layer F.Fab) (width 0.1))
    (fp_line (start 1.27 -1.27) (end 1.27 8.89) (layer F.Fab) (width 0.1))
    (fp_line (start -0.635 -1.27) (end 1.27 -1.27) (layer F.Fab) (width 0.1))
    (fp_text user %R (at 0 3.81) (layer F.Fab)
      (effects (font (size 1 1) (thickness 0.15)))
    )
    (pad 1 thru_hole rect (at 0 0 90) (size 1.7 1.7) (drill 1) (layers *.Cu *.Mask)
      (net 22 ~cs))
    (pad 2 thru_hole oval (at 0 2.54 90) (size 1.7 1.7) (drill 1) (layers *.Cu *.Mask)
      (net 23 sck))
    (pad 3 thru_hole oval (at 0 5.08 90) (size 1.7 1.7) (drill 1) (layers *.Cu *.Mask)
      (net 24 mosi))
    (pad 4 thru_hole oval (at 0 7.62 90) (size 1.7 1.7) (drill 1) (layers *.Cu *.Mask)
      (net 25 miso))
    (model ${KISYS3DMOD}/Connector_PinHeader_2.54mm.3dshapes/PinHeader_1x04_P2.54mm_Vertical.wrl
      (at (xyz 0 0 0))
      (scale (xyz 1 1 1))
      (rotate (xyz 0 0 0))
    )
  )

  (module Resistor_SMD:R_0805_2012Metric_Pad1.15x1.40mm_HandSolder (layer F.Cu) (tedit 5B36C52B) (tstamp 604C4777)
    (at 120.133 53.34 180)
    (descr "Resistor SMD 0805 (2012 Metric), square (rectangular) end terminal, IPC_7351 nominal with elongated pad for handsoldering. (Body size source: https://docs.google.com/spreadsheets/d/1BsfQQcO9C6DZCsRaXUlFlo91Tg2WpOkGARC1WS5S8t0/edit?usp=sharing), generated with kicad-footprint-generator")
    (tags "resistor handsolder")
    (path /60522864)
    (attr smd)
    (fp_text reference R1 (at -0.009 -1.778) (layer F.SilkS)
      (effects (font (size 1 1) (thickness 0.15)))
    )
    (fp_text value 2k2 (at 0 1.65) (layer F.Fab)
      (effects (font (size 1 1) (thickness 0.15)))
    )
    (fp_line (start 1.85 0.95) (end -1.85 0.95) (layer F.CrtYd) (width 0.05))
    (fp_line (start 1.85 -0.95) (end 1.85 0.95) (layer F.CrtYd) (width 0.05))
    (fp_line (start -1.85 -0.95) (end 1.85 -0.95) (layer F.CrtYd) (width 0.05))
    (fp_line (start -1.85 0.95) (end -1.85 -0.95) (layer F.CrtYd) (width 0.05))
    (fp_line (start -0.261252 0.71) (end 0.261252 0.71) (layer F.SilkS) (width 0.12))
    (fp_line (start -0.261252 -0.71) (end 0.261252 -0.71) (layer F.SilkS) (width 0.12))
    (fp_line (start 1 0.6) (end -1 0.6) (layer F.Fab) (width 0.1))
    (fp_line (start 1 -0.6) (end 1 0.6) (layer F.Fab) (width 0.1))
    (fp_line (start -1 -0.6) (end 1 -0.6) (layer F.Fab) (width 0.1))
    (fp_line (start -1 0.6) (end -1 -0.6) (layer F.Fab) (width 0.1))
    (fp_text user %R (at 0 0) (layer F.Fab)
      (effects (font (size 0.5 0.5) (thickness 0.08)))
    )
    (pad 1 smd roundrect (at -1.025 0 180) (size 1.15 1.4) (layers F.Cu F.Paste F.Mask) (roundrect_rratio 0.217391)
      (net 29 "Net-(D1-Pad1)"))
    (pad 2 smd roundrect (at 1.025 0 180) (size 1.15 1.4) (layers F.Cu F.Paste F.Mask) (roundrect_rratio 0.217391)
      (net 2 GND))
    (model ${KISYS3DMOD}/Resistor_SMD.3dshapes/R_0805_2012Metric.wrl
      (at (xyz 0 0 0))
      (scale (xyz 1 1 1))
      (rotate (xyz 0 0 0))
    )
  )

  (module Resistor_SMD:R_0805_2012Metric_Pad1.15x1.40mm_HandSolder (layer F.Cu) (tedit 5B36C52B) (tstamp 604C4788)
    (at 138.185 76.2)
    (descr "Resistor SMD 0805 (2012 Metric), square (rectangular) end terminal, IPC_7351 nominal with elongated pad for handsoldering. (Body size source: https://docs.google.com/spreadsheets/d/1BsfQQcO9C6DZCsRaXUlFlo91Tg2WpOkGARC1WS5S8t0/edit?usp=sharing), generated with kicad-footprint-generator")
    (tags "resistor handsolder")
    (path /604D142D)
    (attr smd)
    (fp_text reference R2 (at 2.785 0) (layer F.SilkS)
      (effects (font (size 1 1) (thickness 0.15)))
    )
    (fp_text value 10k (at 0 1.65) (layer F.Fab)
      (effects (font (size 1 1) (thickness 0.15)))
    )
    (fp_line (start 1.85 0.95) (end -1.85 0.95) (layer F.CrtYd) (width 0.05))
    (fp_line (start 1.85 -0.95) (end 1.85 0.95) (layer F.CrtYd) (width 0.05))
    (fp_line (start -1.85 -0.95) (end 1.85 -0.95) (layer F.CrtYd) (width 0.05))
    (fp_line (start -1.85 0.95) (end -1.85 -0.95) (layer F.CrtYd) (width 0.05))
    (fp_line (start -0.261252 0.71) (end 0.261252 0.71) (layer F.SilkS) (width 0.12))
    (fp_line (start -0.261252 -0.71) (end 0.261252 -0.71) (layer F.SilkS) (width 0.12))
    (fp_line (start 1 0.6) (end -1 0.6) (layer F.Fab) (width 0.1))
    (fp_line (start 1 -0.6) (end 1 0.6) (layer F.Fab) (width 0.1))
    (fp_line (start -1 -0.6) (end 1 -0.6) (layer F.Fab) (width 0.1))
    (fp_line (start -1 0.6) (end -1 -0.6) (layer F.Fab) (width 0.1))
    (fp_text user %R (at 0 0) (layer F.Fab)
      (effects (font (size 0.5 0.5) (thickness 0.08)))
    )
    (pad 1 smd roundrect (at -1.025 0) (size 1.15 1.4) (layers F.Cu F.Paste F.Mask) (roundrect_rratio 0.217391)
      (net 26 a2))
    (pad 2 smd roundrect (at 1.025 0) (size 1.15 1.4) (layers F.Cu F.Paste F.Mask) (roundrect_rratio 0.217391)
      (net 2 GND))
    (model ${KISYS3DMOD}/Resistor_SMD.3dshapes/R_0805_2012Metric.wrl
      (at (xyz 0 0 0))
      (scale (xyz 1 1 1))
      (rotate (xyz 0 0 0))
    )
  )

  (module Resistor_SMD:R_0805_2012Metric_Pad1.15x1.40mm_HandSolder (layer F.Cu) (tedit 5B36C52B) (tstamp 604C6E1B)
    (at 138.185 78.74)
    (descr "Resistor SMD 0805 (2012 Metric), square (rectangular) end terminal, IPC_7351 nominal with elongated pad for handsoldering. (Body size source: https://docs.google.com/spreadsheets/d/1BsfQQcO9C6DZCsRaXUlFlo91Tg2WpOkGARC1WS5S8t0/edit?usp=sharing), generated with kicad-footprint-generator")
    (tags "resistor handsolder")
    (path /604D2093)
    (attr smd)
    (fp_text reference R3 (at 2.785 0) (layer F.SilkS)
      (effects (font (size 1 1) (thickness 0.15)))
    )
    (fp_text value 10k (at 0 1.65) (layer F.Fab)
      (effects (font (size 1 1) (thickness 0.15)))
    )
    (fp_text user %R (at 0 0) (layer F.Fab)
      (effects (font (size 0.5 0.5) (thickness 0.08)))
    )
    (fp_line (start -1 0.6) (end -1 -0.6) (layer F.Fab) (width 0.1))
    (fp_line (start -1 -0.6) (end 1 -0.6) (layer F.Fab) (width 0.1))
    (fp_line (start 1 -0.6) (end 1 0.6) (layer F.Fab) (width 0.1))
    (fp_line (start 1 0.6) (end -1 0.6) (layer F.Fab) (width 0.1))
    (fp_line (start -0.261252 -0.71) (end 0.261252 -0.71) (layer F.SilkS) (width 0.12))
    (fp_line (start -0.261252 0.71) (end 0.261252 0.71) (layer F.SilkS) (width 0.12))
    (fp_line (start -1.85 0.95) (end -1.85 -0.95) (layer F.CrtYd) (width 0.05))
    (fp_line (start -1.85 -0.95) (end 1.85 -0.95) (layer F.CrtYd) (width 0.05))
    (fp_line (start 1.85 -0.95) (end 1.85 0.95) (layer F.CrtYd) (width 0.05))
    (fp_line (start 1.85 0.95) (end -1.85 0.95) (layer F.CrtYd) (width 0.05))
    (pad 2 smd roundrect (at 1.025 0) (size 1.15 1.4) (layers F.Cu F.Paste F.Mask) (roundrect_rratio 0.217391)
      (net 2 GND))
    (pad 1 smd roundrect (at -1.025 0) (size 1.15 1.4) (layers F.Cu F.Paste F.Mask) (roundrect_rratio 0.217391)
      (net 27 a1))
    (model ${KISYS3DMOD}/Resistor_SMD.3dshapes/R_0805_2012Metric.wrl
      (at (xyz 0 0 0))
      (scale (xyz 1 1 1))
      (rotate (xyz 0 0 0))
    )
  )

  (module Resistor_SMD:R_0805_2012Metric_Pad1.15x1.40mm_HandSolder (layer F.Cu) (tedit 5B36C52B) (tstamp 604C47AA)
    (at 126.746 79.13 270)
    (descr "Resistor SMD 0805 (2012 Metric), square (rectangular) end terminal, IPC_7351 nominal with elongated pad for handsoldering. (Body size source: https://docs.google.com/spreadsheets/d/1BsfQQcO9C6DZCsRaXUlFlo91Tg2WpOkGARC1WS5S8t0/edit?usp=sharing), generated with kicad-footprint-generator")
    (tags "resistor handsolder")
    (path /604DD143)
    (attr smd)
    (fp_text reference R4 (at -2.785 0 90) (layer F.SilkS)
      (effects (font (size 1 1) (thickness 0.15)))
    )
    (fp_text value 10k (at 0 1.65 90) (layer F.Fab)
      (effects (font (size 1 1) (thickness 0.15)))
    )
    (fp_text user %R (at 0 0 90) (layer F.Fab)
      (effects (font (size 0.5 0.5) (thickness 0.08)))
    )
    (fp_line (start -1 0.6) (end -1 -0.6) (layer F.Fab) (width 0.1))
    (fp_line (start -1 -0.6) (end 1 -0.6) (layer F.Fab) (width 0.1))
    (fp_line (start 1 -0.6) (end 1 0.6) (layer F.Fab) (width 0.1))
    (fp_line (start 1 0.6) (end -1 0.6) (layer F.Fab) (width 0.1))
    (fp_line (start -0.261252 -0.71) (end 0.261252 -0.71) (layer F.SilkS) (width 0.12))
    (fp_line (start -0.261252 0.71) (end 0.261252 0.71) (layer F.SilkS) (width 0.12))
    (fp_line (start -1.85 0.95) (end -1.85 -0.95) (layer F.CrtYd) (width 0.05))
    (fp_line (start -1.85 -0.95) (end 1.85 -0.95) (layer F.CrtYd) (width 0.05))
    (fp_line (start 1.85 -0.95) (end 1.85 0.95) (layer F.CrtYd) (width 0.05))
    (fp_line (start 1.85 0.95) (end -1.85 0.95) (layer F.CrtYd) (width 0.05))
    (pad 2 smd roundrect (at 1.025 0 270) (size 1.15 1.4) (layers F.Cu F.Paste F.Mask) (roundrect_rratio 0.217391)
      (net 3 ~rst))
    (pad 1 smd roundrect (at -1.025 0 270) (size 1.15 1.4) (layers F.Cu F.Paste F.Mask) (roundrect_rratio 0.217391)
      (net 1 +5V))
    (model ${KISYS3DMOD}/Resistor_SMD.3dshapes/R_0805_2012Metric.wrl
      (at (xyz 0 0 0))
      (scale (xyz 1 1 1))
      (rotate (xyz 0 0 0))
    )
  )

  (module Resistor_SMD:R_0805_2012Metric_Pad1.15x1.40mm_HandSolder (layer F.Cu) (tedit 5B36C52B) (tstamp 604C47BB)
    (at 138.185 81.28)
    (descr "Resistor SMD 0805 (2012 Metric), square (rectangular) end terminal, IPC_7351 nominal with elongated pad for handsoldering. (Body size source: https://docs.google.com/spreadsheets/d/1BsfQQcO9C6DZCsRaXUlFlo91Tg2WpOkGARC1WS5S8t0/edit?usp=sharing), generated with kicad-footprint-generator")
    (tags "resistor handsolder")
    (path /604D22B2)
    (attr smd)
    (fp_text reference R5 (at 2.785 0) (layer F.SilkS)
      (effects (font (size 1 1) (thickness 0.15)))
    )
    (fp_text value 10k (at 0 1.65) (layer F.Fab)
      (effects (font (size 1 1) (thickness 0.15)))
    )
    (fp_line (start 1.85 0.95) (end -1.85 0.95) (layer F.CrtYd) (width 0.05))
    (fp_line (start 1.85 -0.95) (end 1.85 0.95) (layer F.CrtYd) (width 0.05))
    (fp_line (start -1.85 -0.95) (end 1.85 -0.95) (layer F.CrtYd) (width 0.05))
    (fp_line (start -1.85 0.95) (end -1.85 -0.95) (layer F.CrtYd) (width 0.05))
    (fp_line (start -0.261252 0.71) (end 0.261252 0.71) (layer F.SilkS) (width 0.12))
    (fp_line (start -0.261252 -0.71) (end 0.261252 -0.71) (layer F.SilkS) (width 0.12))
    (fp_line (start 1 0.6) (end -1 0.6) (layer F.Fab) (width 0.1))
    (fp_line (start 1 -0.6) (end 1 0.6) (layer F.Fab) (width 0.1))
    (fp_line (start -1 -0.6) (end 1 -0.6) (layer F.Fab) (width 0.1))
    (fp_line (start -1 0.6) (end -1 -0.6) (layer F.Fab) (width 0.1))
    (fp_text user %R (at 0 0) (layer F.Fab)
      (effects (font (size 0.5 0.5) (thickness 0.08)))
    )
    (pad 1 smd roundrect (at -1.025 0) (size 1.15 1.4) (layers F.Cu F.Paste F.Mask) (roundrect_rratio 0.217391)
      (net 28 a0))
    (pad 2 smd roundrect (at 1.025 0) (size 1.15 1.4) (layers F.Cu F.Paste F.Mask) (roundrect_rratio 0.217391)
      (net 2 GND))
    (model ${KISYS3DMOD}/Resistor_SMD.3dshapes/R_0805_2012Metric.wrl
      (at (xyz 0 0 0))
      (scale (xyz 1 1 1))
      (rotate (xyz 0 0 0))
    )
  )

  (module Button_Switch_SMD:SW_Push_1P1T_NO_6x6mm_H9.5mm (layer F.Cu) (tedit 5CA1CA7F) (tstamp 604C72FF)
    (at 120.396 78.105 180)
    (descr "tactile push button, 6x6mm e.g. PTS645xx series, height=9.5mm")
    (tags "tact sw push 6mm smd")
    (path /604D9412)
    (attr smd)
    (fp_text reference RST (at 0 3.937) (layer F.SilkS)
      (effects (font (size 1 1) (thickness 0.15)))
    )
    (fp_text value RST (at 0 4.15) (layer F.Fab)
      (effects (font (size 1 1) (thickness 0.15)))
    )
    (fp_circle (center 0 0) (end 1.75 -0.05) (layer F.Fab) (width 0.1))
    (fp_line (start -3.23 3.23) (end 3.23 3.23) (layer F.SilkS) (width 0.12))
    (fp_line (start -3.23 -1.3) (end -3.23 1.3) (layer F.SilkS) (width 0.12))
    (fp_line (start -3.23 -3.23) (end 3.23 -3.23) (layer F.SilkS) (width 0.12))
    (fp_line (start 3.23 -1.3) (end 3.23 1.3) (layer F.SilkS) (width 0.12))
    (fp_line (start -3.23 -3.2) (end -3.23 -3.23) (layer F.SilkS) (width 0.12))
    (fp_line (start -3.23 3.23) (end -3.23 3.2) (layer F.SilkS) (width 0.12))
    (fp_line (start 3.23 3.23) (end 3.23 3.2) (layer F.SilkS) (width 0.12))
    (fp_line (start 3.23 -3.23) (end 3.23 -3.2) (layer F.SilkS) (width 0.12))
    (fp_line (start -5 -3.25) (end 5 -3.25) (layer F.CrtYd) (width 0.05))
    (fp_line (start -5 3.25) (end 5 3.25) (layer F.CrtYd) (width 0.05))
    (fp_line (start -5 -3.25) (end -5 3.25) (layer F.CrtYd) (width 0.05))
    (fp_line (start 5 3.25) (end 5 -3.25) (layer F.CrtYd) (width 0.05))
    (fp_line (start 3 -3) (end -3 -3) (layer F.Fab) (width 0.1))
    (fp_line (start 3 3) (end 3 -3) (layer F.Fab) (width 0.1))
    (fp_line (start -3 3) (end 3 3) (layer F.Fab) (width 0.1))
    (fp_line (start -3 -3) (end -3 3) (layer F.Fab) (width 0.1))
    (fp_text user %R (at 0 -4.05) (layer F.Fab)
      (effects (font (size 1 1) (thickness 0.15)))
    )
    (pad 2 smd rect (at -3.975 2.25 180) (size 1.55 1.3) (layers F.Cu F.Paste F.Mask)
      (net 2 GND))
    (pad 1 smd rect (at -3.975 -2.25 180) (size 1.55 1.3) (layers F.Cu F.Paste F.Mask)
      (net 3 ~rst))
    (pad 1 smd rect (at 3.975 -2.25 180) (size 1.55 1.3) (layers F.Cu F.Paste F.Mask)
      (net 3 ~rst))
    (pad 2 smd rect (at 3.975 2.25 180) (size 1.55 1.3) (layers F.Cu F.Paste F.Mask)
      (net 2 GND))
    (model ${KISYS3DMOD}/Button_Switch_SMD.3dshapes/SW_PUSH_6mm_H9.5mm.wrl
      (at (xyz 0 0 0))
      (scale (xyz 1 1 1))
      (rotate (xyz 0 0 0))
    )
  )

  (module Package_DIP:DIP-6_W8.89mm_SMDSocket_LongPads (layer F.Cu) (tedit 5A02E8C5) (tstamp 604C4DB9)
    (at 132.08 80.01 270)
    (descr "6-lead though-hole mounted DIP package, row spacing 8.89 mm (350 mils), SMDSocket, LongPads")
    (tags "THT DIP DIL PDIP 2.54mm 8.89mm 350mil SMDSocket LongPads")
    (path /604C6BB9)
    (attr smd)
    (fp_text reference SW2 (at 0 -4.87 90) (layer F.SilkS) hide
      (effects (font (size 1 1) (thickness 0.15)))
    )
    (fp_text value SW_DIP_x03 (at 0 4.87 90) (layer F.Fab)
      (effects (font (size 1 1) (thickness 0.15)))
    )
    (fp_line (start 6.25 -4.15) (end -6.25 -4.15) (layer F.CrtYd) (width 0.05))
    (fp_line (start 6.25 4.15) (end 6.25 -4.15) (layer F.CrtYd) (width 0.05))
    (fp_line (start -6.25 4.15) (end 6.25 4.15) (layer F.CrtYd) (width 0.05))
    (fp_line (start -6.25 -4.15) (end -6.25 4.15) (layer F.CrtYd) (width 0.05))
    (fp_line (start 6.235 -3.93) (end -6.235 -3.93) (layer F.SilkS) (width 0.12))
    (fp_line (start 6.235 3.93) (end 6.235 -3.93) (layer F.SilkS) (width 0.12))
    (fp_line (start -6.235 3.93) (end 6.235 3.93) (layer F.SilkS) (width 0.12))
    (fp_line (start -6.235 -3.93) (end -6.235 3.93) (layer F.SilkS) (width 0.12))
    (fp_line (start 2.535 -3.87) (end 1 -3.87) (layer F.SilkS) (width 0.12))
    (fp_line (start 2.535 3.87) (end 2.535 -3.87) (layer F.SilkS) (width 0.12))
    (fp_line (start -2.535 3.87) (end 2.535 3.87) (layer F.SilkS) (width 0.12))
    (fp_line (start -2.535 -3.87) (end -2.535 3.87) (layer F.SilkS) (width 0.12))
    (fp_line (start -1 -3.87) (end -2.535 -3.87) (layer F.SilkS) (width 0.12))
    (fp_line (start 5.08 -3.87) (end -5.08 -3.87) (layer F.Fab) (width 0.1))
    (fp_line (start 5.08 3.87) (end 5.08 -3.87) (layer F.Fab) (width 0.1))
    (fp_line (start -5.08 3.87) (end 5.08 3.87) (layer F.Fab) (width 0.1))
    (fp_line (start -5.08 -3.87) (end -5.08 3.87) (layer F.Fab) (width 0.1))
    (fp_line (start -3.175 -2.81) (end -2.175 -3.81) (layer F.Fab) (width 0.1))
    (fp_line (start -3.175 3.81) (end -3.175 -2.81) (layer F.Fab) (width 0.1))
    (fp_line (start 3.175 3.81) (end -3.175 3.81) (layer F.Fab) (width 0.1))
    (fp_line (start 3.175 -3.81) (end 3.175 3.81) (layer F.Fab) (width 0.1))
    (fp_line (start -2.175 -3.81) (end 3.175 -3.81) (layer F.Fab) (width 0.1))
    (fp_arc (start 0 -3.87) (end -1 -3.87) (angle -180) (layer F.SilkS) (width 0.12))
    (fp_text user %R (at 0 0 90) (layer F.Fab)
      (effects (font (size 1 1) (thickness 0.15)))
    )
    (pad 1 smd rect (at -4.445 -2.54 270) (size 3.1 1.6) (layers F.Cu F.Paste F.Mask)
      (net 26 a2))
    (pad 4 smd rect (at 4.445 2.54 270) (size 3.1 1.6) (layers F.Cu F.Paste F.Mask)
      (net 1 +5V))
    (pad 2 smd rect (at -4.445 0 270) (size 3.1 1.6) (layers F.Cu F.Paste F.Mask)
      (net 27 a1))
    (pad 5 smd rect (at 4.445 0 270) (size 3.1 1.6) (layers F.Cu F.Paste F.Mask)
      (net 1 +5V))
    (pad 3 smd rect (at -4.445 2.54 270) (size 3.1 1.6) (layers F.Cu F.Paste F.Mask)
      (net 28 a0))
    (pad 6 smd rect (at 4.445 -2.54 270) (size 3.1 1.6) (layers F.Cu F.Paste F.Mask)
      (net 1 +5V))
    (model ${KISYS3DMOD}/Package_DIP.3dshapes/DIP-6_W8.89mm_SMDSocket.wrl
      (at (xyz 0 0 0))
      (scale (xyz 1 1 1))
      (rotate (xyz 0 0 0))
    )
  )

  (module Package_SO:SOIC-28W_7.5x17.9mm_P1.27mm (layer F.Cu) (tedit 5D9F72B1) (tstamp 604C482A)
    (at 127 63.5)
    (descr "SOIC, 28 Pin (JEDEC MS-013AE, https://www.analog.com/media/en/package-pcb-resources/package/35833120341221rw_28.pdf), generated with kicad-footprint-generator ipc_gullwing_generator.py")
    (tags "SOIC SO")
    (path /604BE2CE)
    (attr smd)
    (fp_text reference U1 (at 0 10.16) (layer F.SilkS)
      (effects (font (size 1 1) (thickness 0.15)))
    )
    (fp_text value MCP23S17_SO (at 0 9.9) (layer F.Fab)
      (effects (font (size 1 1) (thickness 0.15)))
    )
    (fp_line (start 5.93 -9.2) (end -5.93 -9.2) (layer F.CrtYd) (width 0.05))
    (fp_line (start 5.93 9.2) (end 5.93 -9.2) (layer F.CrtYd) (width 0.05))
    (fp_line (start -5.93 9.2) (end 5.93 9.2) (layer F.CrtYd) (width 0.05))
    (fp_line (start -5.93 -9.2) (end -5.93 9.2) (layer F.CrtYd) (width 0.05))
    (fp_line (start -3.75 -7.95) (end -2.75 -8.95) (layer F.Fab) (width 0.1))
    (fp_line (start -3.75 8.95) (end -3.75 -7.95) (layer F.Fab) (width 0.1))
    (fp_line (start 3.75 8.95) (end -3.75 8.95) (layer F.Fab) (width 0.1))
    (fp_line (start 3.75 -8.95) (end 3.75 8.95) (layer F.Fab) (width 0.1))
    (fp_line (start -2.75 -8.95) (end 3.75 -8.95) (layer F.Fab) (width 0.1))
    (fp_line (start -3.86 -8.815) (end -5.675 -8.815) (layer F.SilkS) (width 0.12))
    (fp_line (start -3.86 -9.06) (end -3.86 -8.815) (layer F.SilkS) (width 0.12))
    (fp_line (start 0 -9.06) (end -3.86 -9.06) (layer F.SilkS) (width 0.12))
    (fp_line (start 3.86 -9.06) (end 3.86 -8.815) (layer F.SilkS) (width 0.12))
    (fp_line (start 0 -9.06) (end 3.86 -9.06) (layer F.SilkS) (width 0.12))
    (fp_line (start -3.86 9.06) (end -3.86 8.815) (layer F.SilkS) (width 0.12))
    (fp_line (start 0 9.06) (end -3.86 9.06) (layer F.SilkS) (width 0.12))
    (fp_line (start 3.86 9.06) (end 3.86 8.815) (layer F.SilkS) (width 0.12))
    (fp_line (start 0 9.06) (end 3.86 9.06) (layer F.SilkS) (width 0.12))
    (fp_text user %R (at 0 0) (layer F.Fab)
      (effects (font (size 1 1) (thickness 0.15)))
    )
    (pad 1 smd roundrect (at -4.65 -8.255) (size 2.05 0.6) (layers F.Cu F.Paste F.Mask) (roundrect_rratio 0.25)
      (net 19 gpb0))
    (pad 2 smd roundrect (at -4.65 -6.985) (size 2.05 0.6) (layers F.Cu F.Paste F.Mask) (roundrect_rratio 0.25)
      (net 18 gpb1))
    (pad 3 smd roundrect (at -4.65 -5.715) (size 2.05 0.6) (layers F.Cu F.Paste F.Mask) (roundrect_rratio 0.25)
      (net 17 gpb2))
    (pad 4 smd roundrect (at -4.65 -4.445) (size 2.05 0.6) (layers F.Cu F.Paste F.Mask) (roundrect_rratio 0.25)
      (net 16 gpb3))
    (pad 5 smd roundrect (at -4.65 -3.175) (size 2.05 0.6) (layers F.Cu F.Paste F.Mask) (roundrect_rratio 0.25)
      (net 15 gpb4))
    (pad 6 smd roundrect (at -4.65 -1.905) (size 2.05 0.6) (layers F.Cu F.Paste F.Mask) (roundrect_rratio 0.25)
      (net 14 gpb5))
    (pad 7 smd roundrect (at -4.65 -0.635) (size 2.05 0.6) (layers F.Cu F.Paste F.Mask) (roundrect_rratio 0.25)
      (net 13 gpb6))
    (pad 8 smd roundrect (at -4.65 0.635) (size 2.05 0.6) (layers F.Cu F.Paste F.Mask) (roundrect_rratio 0.25)
      (net 12 gpb7))
    (pad 9 smd roundrect (at -4.65 1.905) (size 2.05 0.6) (layers F.Cu F.Paste F.Mask) (roundrect_rratio 0.25)
      (net 1 +5V))
    (pad 10 smd roundrect (at -4.65 3.175) (size 2.05 0.6) (layers F.Cu F.Paste F.Mask) (roundrect_rratio 0.25)
      (net 2 GND))
    (pad 11 smd roundrect (at -4.65 4.445) (size 2.05 0.6) (layers F.Cu F.Paste F.Mask) (roundrect_rratio 0.25)
      (net 22 ~cs))
    (pad 12 smd roundrect (at -4.65 5.715) (size 2.05 0.6) (layers F.Cu F.Paste F.Mask) (roundrect_rratio 0.25)
      (net 23 sck))
    (pad 13 smd roundrect (at -4.65 6.985) (size 2.05 0.6) (layers F.Cu F.Paste F.Mask) (roundrect_rratio 0.25)
      (net 24 mosi))
    (pad 14 smd roundrect (at -4.65 8.255) (size 2.05 0.6) (layers F.Cu F.Paste F.Mask) (roundrect_rratio 0.25)
      (net 25 miso))
    (pad 15 smd roundrect (at 4.65 8.255) (size 2.05 0.6) (layers F.Cu F.Paste F.Mask) (roundrect_rratio 0.25)
      (net 28 a0))
    (pad 16 smd roundrect (at 4.65 6.985) (size 2.05 0.6) (layers F.Cu F.Paste F.Mask) (roundrect_rratio 0.25)
      (net 27 a1))
